CPUTimeRAW|NCPUS|ReqGRES|
328|4||
0|1||
16|4||
3|1||
0|1||
96|4||
0|1||
0|1||
8|4||
0|1||
8|4||
4|4||
4|4||
4|4||
4|4||
0|4||
0|1||
0|1||
0|1||
0|1||
0|1||
1|1||
0|1||
0|1||
0|1||
0|1||
0|1||
0|1||
1|1||
0|1||
1|1||
0|1||
0|1||
0|1||
0|1||
0|1||
1|1||
1|1||
0|1||
0|1||
0|1||
0|1||
0|1||
0|1||
0|1||
0|1||
0|1||
1|1||
1|1||
0|1||
0|1||
80|4||
4|4||
16|4||
8|4||
4|4||
16|4||
12|4||
2008|4||
192|4||
2488|4||
4|4||
32|4|gpu:v100:0|
464|4|gpu:v100:0|
2288|4||
56|4|gpu:v100:0|
56|4|gpu:v100:0|
456|4|gpu:v100:0|
456|4|gpu:v100:0|
2172|4||
332|4|gpu:v100:0|
324|4|gpu:v100:0|
452|4|gpu:v100:0|
464|4|gpu:v100:0|
320|4|gpu:v100:0|
336|4|gpu:v100:0|
56|4||
72736|4|gpu:v100:0|
69584|4|gpu:v100:0|
69296|4|gpu:v100:0|
72288|4|gpu:v100:0|
69676|4|gpu:v100:0|
73000|4|gpu:v100:0|
2244|4||
28|4|gpu:v100:0|
40|4|gpu:v100:0|
40|4|gpu:v100:0|
28|4|gpu:v100:0|
28|4|gpu:v100:0|
28|4|gpu:v100:0|
2148|4||
0|1||
376|4|gpu:v100:0|
376|4|gpu:v100:0|
80|4|gpu:v100:0|
80|4|gpu:v100:0|
80|4|gpu:v100:0|
80|4|gpu:v100:0|
80|4|gpu:v100:0|
80|4|gpu:v100:0|
192|4||
0|1||
152|4|gpu:v100:0|
152|4|gpu:v100:0|
108|4||
65992|4|gpu:v100:0|
63632|4|gpu:v100:0|
62668|4|gpu:v100:0|
65636|4|gpu:v100:0|
63392|4|gpu:v100:0|
66264|4|gpu:v100:0|
144|4||
0|1||
804|4|gpu:v100:0|
804|4|gpu:v100:0|
62720|4|gpu:v100:0|
62936|4|gpu:v100:0|
63096|4|gpu:v100:0|
62148|4|gpu:v100:0|
62404|4|gpu:v100:0|
63008|4|gpu:v100:0|
62944|4|gpu:v100:0|
62952|4|gpu:v100:0|
62972|4|gpu:v100:0|
63188|4|gpu:v100:0|
164|4||
0|1||
80|4|gpu:v100:0|
80|4|gpu:v100:0|
67424|4|gpu:v100:0|
63240|4|gpu:v100:0|
62912|4|gpu:v100:0|
36|4|gpu:v100:0|
28|4|gpu:v100:0|
32|4|gpu:v100:0|
388|4||
140|4||
12184|4|gpu:v100:0|
11784|4|gpu:v100:0|
12396|4|gpu:v100:0|
11764|4|gpu:v100:0|
12280|4|gpu:v100:0|
12272|4|gpu:v100:0|
160|4||
32|4|gpu:v100:0|
36|4|gpu:v100:0|
36|4|gpu:v100:0|
32|4|gpu:v100:0|
32|4|gpu:v100:0|
32|4|gpu:v100:0|
216|4||
116|4|gpu:v100:0|
88|4|gpu:v100:0|
14052|4|gpu:v100:0|
15348|4|gpu:v100:0|
96|4|gpu:v100:0|
112|4|gpu:v100:0|
0|1||
68|4|gpu:v100:0|
68|4|gpu:v100:0|
92|4||
76096|4|gpu:v100:0|
53844|4|gpu:v100:0|
43148|4|gpu:v100:0|
0|1||
43336|4|gpu:v100:0|
54200|4|gpu:v100:0|
77624|4|gpu:v100:0|
32|4|gpu:v100:0|
112|4|gpu:v100:0|
112|4|gpu:v100:0|
32|4|gpu:v100:0|
32|4|gpu:v100:0|
32|4|gpu:v100:0|
40|4|gpu:v100:0|
40|4|gpu:v100:0|
40|4|gpu:v100:0|
40|4|gpu:v100:0|
40|4|gpu:v100:0|
40|4|gpu:v100:0|
208|4|gpu:v100:0|
164|4|gpu:v100:0|
144|4|gpu:v100:0|
144|4|gpu:v100:0|
148|4|gpu:v100:0|
0|1||
212|4|gpu:v100:0|
0|1||
313732|4|gpu:v100:0|
313732|4|gpu:v100:0|
0|1||
18512|4|gpu:v100:0|
18512|4|gpu:v100:0|
0|1||
32|4|gpu:v100:0|
32|4|gpu:v100:0|
8|4|gpu:v100:0|
8|4|gpu:v100:0|
1|1||
44|4|gpu:v100:0|
211900|4|gpu:v100:0|
222864|4|gpu:v100:0|
211784|4|gpu:v100:0|
223348|4|gpu:v100:0|
60|4|gpu:v100:0|
48|4|gpu:v100:0|
39988|4|gpu:v100:0|
41928|4|gpu:v100:0|
39740|4|gpu:v100:0|
42348|4|gpu:v100:0|
44|4|gpu:v100:0|
0|1||
96|4|gpu:v100:0|
96|4|gpu:v100:0|
192|4|gpu:v100:0|
412|4|gpu:v100:0|
412|4|gpu:v100:0|
192|4|gpu:v100:0|
215696|4|gpu:v100:0|
85636|4|gpu:v100:0|
91304|4|gpu:v100:0|
213240|4|gpu:v100:0|
0|1||
280|4|gpu:v100:0|
280|4|gpu:v100:0|
80624|4|gpu:v100:0|
51224|4|gpu:v100:0|
53492|4|gpu:v100:0|
98408|4|gpu:v100:0|
102064|4|gpu:v100:0|
43916|4|gpu:v100:0|
45864|4|gpu:v100:0|
77608|4|gpu:v100:0|
332060|4|gpu:v100:0|
312656|4|gpu:v100:0|
330812|4|gpu:v100:0|
333492|4|gpu:v100:0|
311056|4|gpu:v100:0|
331888|4|gpu:v100:0|
0|1||
4|4|gpu:v100:0|
4|4|gpu:v100:0|
8|4|gpu:v100:0|
8|4|gpu:v100:0|
14488|4|gpu:v100:0|
16016|4|gpu:v100:0|
15184|4|gpu:v100:0|
14520|4|gpu:v100:0|
29900|4|gpu:v100:0|
23676|4|gpu:v100:0|
24048|4|gpu:v100:0|
26440|4|gpu:v100:0|
29732|4|gpu:v100:0|
29944|4|gpu:v100:0|
23204|4|gpu:v100:0|
23492|4|gpu:v100:0|
26348|4|gpu:v100:0|
29764|4|gpu:v100:0|
81132|4|gpu:v100:0|
67676|4|gpu:v100:0|
68032|4|gpu:v100:0|
73992|4|gpu:v100:0|
79424|4|gpu:v100:0|
80196|4|gpu:v100:0|
67892|4|gpu:v100:0|
67264|4|gpu:v100:0|
73292|4|gpu:v100:0|
80108|4|gpu:v100:0|
48|4|gpu:v100:0|
48|4|gpu:v100:0|
5232|4|gpu:v100:0|
4172|4|gpu:v100:0|
32|4|gpu:v100:0|
32|4|gpu:v100:0|
68|4|gpu:v100:0|
32|4|gpu:v100:0|
28|4|gpu:v100:0|
1804|4|gpu:v100:0|
64|4|gpu:v100:0|
32|4|gpu:v100:0|
0|1||
504|4|gpu:v100:0|
28|4|gpu:v100:0|
1424|4|gpu:v100:0|
32|4|gpu:v100:0|
32|4|gpu:v100:0|
40|4|gpu:v100:0|
4872|4|gpu:v100:0|
5724|4|gpu:v100:0|
56|4|gpu:v100:0|
0|1||
428|4|gpu:v100:0|
428|4|gpu:v100:0|
312|4|gpu:v100:0|
44|4|gpu:v100:0|
44|4|gpu:v100:0|
312|4|gpu:v100:0|
696|4||
6120|4|gpu:v100:0|
60|4|gpu:v100:0|
60|4|gpu:v100:0|
4628|4|gpu:v100:0|
2420|4||
16|4|gpu:v100:0|
48|4|gpu:v100:0|
48|4|gpu:v100:0|
16|4|gpu:v100:0|
448|4||
76|4|gpu:v100:0|
4292|4|gpu:v100:0|
5796|4|gpu:v100:0|
84|4|gpu:v100:0|
20|4|gpu:v100:0|
24|4|gpu:v100:0|
1232|4||
520|4||
68|4|gpu:v100:0|
68|4|gpu:v100:0|
7692|4|gpu:v100:0|
5876|4|gpu:v100:0|
8384|4|gpu:v100:0|
7364|4|gpu:v100:0|
8952|4|gpu:v100:0|
9712|4|gpu:v100:0|
32|4|gpu:v100:0|
6648|4|gpu:v100:0|
48|4|gpu:v100:0|
172|4|gpu:v100:0|
172|4|gpu:v100:0|
56|4|gpu:v100:0|
64|4|gpu:v100:0|
56|4|gpu:v100:0|
6160|4|gpu:v100:0|
6256|4|gpu:v100:0|
7052|4|gpu:v100:0|
6184|4|gpu:v100:0|
6176|4|gpu:v100:0|
6160|4|gpu:v100:0|
5588|4|gpu:v100:0|
6412|4|gpu:v100:0|
7220|4|gpu:v100:0|
8008|4|gpu:v100:0|
5608|4|gpu:v100:0|
5628|4|gpu:v100:0|
5600|4|gpu:v100:0|
7104|4|gpu:v100:0|
6356|4|gpu:v100:0|
6172|4|gpu:v100:0|
5608|4|gpu:v100:0|
5608|4|gpu:v100:0|
5612|4|gpu:v100:0|
6252|4|gpu:v100:0|
7000|4|gpu:v100:0|
6164|4|gpu:v100:0|
6160|4|gpu:v100:0|
6164|4|gpu:v100:0|
5620|4|gpu:v100:0|
5608|4|gpu:v100:0|
5608|4|gpu:v100:0|
0|1||
5624|4|gpu:v100:0|
5604|4|gpu:v100:0|
6204|4|gpu:v100:0|
6204|4|gpu:v100:0|
6112|4|gpu:v100:0|
6112|4|gpu:v100:0|
6152|4|gpu:v100:0|
5616|4|gpu:v100:0|
5616|4|gpu:v100:0|
5616|4|gpu:v100:0|
5620|4|gpu:v100:0|
5684|4|gpu:v100:0|
6252|4|gpu:v100:0|
6872|4|gpu:v100:0|
6180|4|gpu:v100:0|
6180|4|gpu:v100:0|
6204|4|gpu:v100:0|
5696|4|gpu:v100:0|
5684|4|gpu:v100:0|
5684|4|gpu:v100:0|
6428|4|gpu:v100:0|
5692|4|gpu:v100:0|
6916|4|gpu:v100:0|
6912|4|gpu:v100:0|
6904|4|gpu:v100:0|
6900|4|gpu:v100:0|
6912|4|gpu:v100:0|
6432|4|gpu:v100:0|
6460|4|gpu:v100:0|
6460|4|gpu:v100:0|
6432|4|gpu:v100:0|
5644|4|gpu:v100:0|
7044|4|gpu:v100:0|
6248|4|gpu:v100:0|
6156|4|gpu:v100:0|
6156|4|gpu:v100:0|
6184|4|gpu:v100:0|
5648|4|gpu:v100:0|
5640|4|gpu:v100:0|
5636|4|gpu:v100:0|
5648|4|gpu:v100:0|
5632|4|gpu:v100:0|
6864|4|gpu:v100:0|
6860|4|gpu:v100:0|
6208|4|gpu:v100:0|
6204|4|gpu:v100:0|
6256|4|gpu:v100:0|
5644|4|gpu:v100:0|
5644|4|gpu:v100:0|
5636|4|gpu:v100:0|
5636|4|gpu:v100:0|
5604|4|gpu:v100:0|
6156|4|gpu:v100:0|
6152|4|gpu:v100:0|
6160|4|gpu:v100:0|
6160|4|gpu:v100:0|
6172|4|gpu:v100:0|
6184|4|gpu:v100:0|
5668|4|gpu:v100:0|
5640|4|gpu:v100:0|
5636|4|gpu:v100:0|
32|4|gpu:v100:0|
44|4|gpu:v100:0|
44|4|gpu:v100:0|
32|4|gpu:v100:0|
32|4|gpu:v100:0|
32|4|gpu:v100:0|
6564|4|gpu:v100:0|
7388|4|gpu:v100:0|
6008|4|gpu:v100:0|
72|4|gpu:v100:0|
88|4|gpu:v100:0|
88|4|gpu:v100:0|
165848|4|gpu:v100:0|
162976|4|gpu:v100:0|
148304|4|gpu:v100:0|
12|4|gpu:v100:0|
20|4|gpu:v100:0|
20|4|gpu:v100:0|
12|4|gpu:v100:0|
12|4|gpu:v100:0|
12|4|gpu:v100:0|
12|4|gpu:v100:0|
12|4|gpu:v100:0|
12|4|gpu:v100:0|
217716|4|gpu:v100:0|
162612|4|gpu:v100:0|
147520|4|gpu:v100:0|
236|4|gpu:v100:0|
720|4|gpu:v100:0|
672|4|gpu:v100:0|
436|4|gpu:v100:0|
944|4|gpu:v100:0|
552|4|gpu:v100:0|
432|4|gpu:v100:0|
656|4|gpu:v100:0|
588|4|gpu:v100:0|
420|4|gpu:v100:0|
780|4|gpu:v100:0|
640|4|gpu:v100:0|
368|4|gpu:v100:0|
868|4|gpu:v100:0|
716|4|gpu:v100:0|
432|4|gpu:v100:0|
852|4|gpu:v100:0|
12192|4|gpu:v100:0|
11900|4|gpu:v100:0|
368|4|gpu:v100:0|
244900|4|gpu:v100:0|
243280|4|gpu:v100:0|
247800|4|gpu:v100:0|
247236|4|gpu:v100:0|
246836|4|gpu:v100:0|
19780|4|gpu:v100:0|
424|4|gpu:v100:0|
253184|4|gpu:v100:0|
251128|4|gpu:v100:0|
337712|4|gpu:v100:0|
892|4|gpu:v100:0|
333304|4|gpu:v100:0|
335984|4|gpu:v100:0|
338112|4|gpu:v100:0|
872|4|gpu:v100:0|
313140|4|gpu:v100:0|
296684|4|gpu:v100:0|
344680|4|gpu:v100:0|
367300|4|gpu:v100:0|
369060|4|gpu:v100:0|
0|1||
24316|4|gpu:v100:0|
924|4|gpu:v100:0|
988|4|gpu:v100:0|
23020|4|gpu:v100:0|
302376|4|gpu:v100:0|
341296|4|gpu:v100:0|
393056|4|gpu:v100:0|
2456|4||
2444|4||
2504|4||
5120|4||
417800|4|gpu:v100:0|
309388|4|gpu:v100:0|
437980|4|gpu:v100:0|
152|4||
0|1||
4|1||
9176|4||
104|4||
28|4||
14460|4||
43276|4||
1300|4||
80|4||
10904|4||
14448|4||
1532|4||
3148|4||
18772|4||
107736|4||
180|4||
104|4||
